15. Index rerum. 503

17757 84,7 ,,105 17. 777175. Ψυχογονία 150,5. 178, 17
(opp. 777. μ77ῳ3)15,.5 z515155555553155.55,15.
z55555553.5,14.5,15.15.5,4.55511365335,5¹15,5.53,5. vocem
51,17.73,7.1571117511711111,75 545.
215055155555 4, 55 Ψυχρότης 11,17. 415 415,1.
Ψόφος 3-5. 5-8, 713, 17.
17.77.19,.7711,55151,7. Ὠι7777,777,.175,1.1(71,1.)
63. 69,11. 73,.1 93, 4..5 130 1031055. ὑπὸ 5515 ᾠδήν
711. (135.) 141, 5.5,4555. 101, 71151
154, 51. 175,7. 340, 17 ’1177167 105,15 301, 77 ,
z15555555555552'54,5. Ὦ737116,7.104,.7 ἀέρα 78,.1 ·’
ἶ11777110, 17. 5'5. 31. 376, 1. Ωρονόμος379,11.
177,7. 178, 4. 11. Ώρυγμός 174, 17.
Ψνχικόν 179,1. ’

 

