ΙΙ. Index rerum. 493

Παραδιαζευγνύναι 312,1. Παρυπάτη 78, 4. (10.) 163, 13.
Παραδιάζευξις 309, 10. 310, 4. 188, 1. 8. 189,11. 190, 3.
811, 23. 242,1. 272, 2. 308,14. 309, 4.
Παρακαταλογή 80,1. 337,1. 3454208. 1118816511.
Παρακεκινηκός 30411. 166. 182,1. 1831. 195,11.
Παρακεχρωσμένα 33,1. 196, 14. 258,10. 264,111.
1111111111 118, 11. 140, 1, 1111. 1181. 18111, (181.)
246, 24. 262, 10. 27. 333,1. 335, 11. 336, 10. 338,1.
Παραλλάπειν 189, 1. 241, 8. 34510. 346,1.11. 3521136818.
Παρ’ 5111131191. - hyp. 165, 11. 166. 182, 7.
Παράλληλοι τόνοι 204,11. θέσις 1838. 195, 11. 197, 0. 257, 8.
101,1. 11111. 164,101.161,1.180,11.
Παραμέση 84,1. 108, 1. 111,1. (111,1.)108,11.111,11. 11111.
(165, 4. 166.) 182,11. 183,11. 336, 11. 344, 4. 11. 345, 10.
1841.18111118111881. 141, 15. 11111. 11811. plur.
196, 11. 197, 0. 200, 3. 201,1. 162,11. 345.
203, 3. 241,11. 245. 248,11. Παρυπατοειὸές 302, 8. 11.
251,11. 253. 264,11. 279,11.14. Πάσσαλος 246,11. 248,10.
3081111. 333,17. 334. 3353. Διὰ πασῶν 85 0. not. 86. 87, 15.
111, 11. 338, 1. 7. 345. 3. 25. 88. 30, 11. 81. 34,14. 33. 100,
346,11. 3681. 810. 102,1.158,8. 159. 160,10.
ΠαράμεσοςΙ64,11. 258,11. 281,1. 161,10. 187,8. 14. 193,10. 194.
352-54. 37011. 419,1. 4201. 204,14. 205,11. 241,11. 24511.
11111 ib. 141, 11. 247, 9. 248,1. 252,
Παρανενενρισμένη χ. 14, 11. 1. 11. 260, 3. 2631129311.
71,11. ’ 294,1. 13. 290,13. 306,14.
Παρανήιη 11, 11. 73, 4. 132, 311,11. 1111. 1111111141.
1. 11. 182,14.18.11. 183-87. ratione duplici 18,18. 20, 3.
134,11. 186,13. 197,11.198,10. 21,11. 102,18. 111, 1. 159,10.
242,1. 253, 1. 14. 256,11. 21. 164. 244, 10. 247, 10. 2531.
237, 21. 118. 272, 3. 10811. 11411. 11111. 340,17. 341,
309, 1. 3. 333,24. 334,4. 3358. 810. 420, 4. 6 toni 194, 8.
3451. 11. 346, 1. 1137310. 196,1. 339,11. 7101111111 197
plur. 308, 0. 368,11. -99, 308,17. 3461.
Παραπομπὴ πνεύματος 244, 4. Διὰ πασῶν καὶ 8. τεσσ. 194,0.11.
Παραστάτης 17, 21. 20011. 2931. 1911. 308,1.
Παραστρὲφειν 32, 81. 338,11. 339,14.16. Διὰ π.
Παραύξησις 278,1. 350, 6. καὶ 0. πέντε 160, 4. 19411.
Παραφωνία 30511. 2931. 297,11. 308,1.339,1.11.
Παράφωνον 337,1. 338, 8. 340,1. 341,10. Δὶς 11111
Παρεκβάσεις (ἁρμονιῶν) 23, 4. 1. δίς.
33, 1. Πάχος 254, 3.
Παρένθεσις 253, 1. Παχὺς ἀήρ reddit sonos graves
Παρεντιθὲναι 244,11. 257,10. 67,1. 72,1. 76,1.
παρεντεθεὶσα245, 11253111. Παχύτης 11,14. 255, 20.
Παρθένιος αὐλός 14, 28. Πεζοὶ φθ. 307,1.

 

