ΙΙ. Index rerum.

Πολοειὸὴς ᾠδή 86, 5.
Πολοπλασιοὶζειν 261,5.
Πολύτρεπτον 273,1.

Πονεῖν 77,11. 78, 9. 99, 6.

Ποππυσμός 277, 8.

Πόρος 10,11. 11,3. vocis 72, 13,

Πόρροο 62,11. πόρρωθεν 60,1.
61,1. 68,1. πορρωτέρω 73,13.
77,13.

Ποσόν 16,13. 16. 17,13.

Ποσότης 244,1. 10. 246,11.

Πούς17,13. 31411. metr. 100,11.
312,13. 19. 314, 19. 41311.

Πραγματεία 24,1ο. 180, 3. 207,
1113. 367, ο.

Πρακτικὸν 31, 90. 32,11. 3311.
108, 19. 412, 1ο.

Πρᾶξις 92,10. 93,11. 94, 5.

Πραότης 26,11.

Πρέπον 28, 90. 93, 19. 34, 3. 13.
413,1.

Πρεσβῦται 76,13. πρβτεροι 7,
11. 9,11. 34, 11. 66, 3. -τεραι
14 16.

16666161

Προαίρεσις canendi 71, 3.

Προβίβασις 260,1ο.

Προγομνάζειν 327, 9.

Προίεται ἀήρ 78,1.

Προροήκες 2613.

Πρόνοια 282, 7.

Πρόοδος 2491. 33313.

Προσάπτειν 266, 10. 15. 267, 3.

Προσαολοῖν 101, 9.

Προσέχειν ἡγεμόνι 107, 6.

Προσηγορίαι 268,11.

Πρόσθεσις κινήσεως 149, 5.

, Προσθήκη 273,11.

Προσκαθάπτειν 274.

Προσίαμβαοόμενος168,1ο. 164,1.

- 166,1. 166, 182, 3. 183, 9. 91.

184, 11. 18611. 186, 3. 194,

196, 13. 198,13. 200. 2013.

268, 4. 13. 260, 11. 263,13.

264, 8. 269,1ο. 27611. 28011.

WQWMWAEW·

49

3359. 343‚9o. 344. 345,1.
6161661261613
4αα.6ῃήα13
Προσόὸιον (ποθόδιον) 432, 3.
Πρόσχορδα 82, 8.
Προφοροέ 207, 6. 337,11.
Προχώρησις 249,13.
Πρώτα ὃιαστ. 330,14. 331.
Πταῖσμα 272, 5. “
Πτῶοις 134 ο. not. 179, 3.
29213. 306, 13. 3291.
Ποκνόν motus 148. interv.
108, 3. 16214. 163,13. 186,11.
191,1. 192,1. 196,1ο. 206,1.
298. 299, 1111. 300, 4. 302,
11-13. 30611.
Μμααω131
Πορέττοντες 70,16.

mmmm9w191m.
ῥᾳδίως 12,8. ᾅδειν 79,1. 82,3.

Ῥαὸιοοργία 274, 9.
Ῥαιέιν 246.

Ῥαιστήρ 246. 340, 6.
Ῥῆμα 86, 6. 417,16.

,Ῥητὸν διάστ. 187, 6. 189, 2.

328,11. syst. 193, 3. 199, 4.
Ῥήτωρ 307,11.
Ῥοαί 105, 8.
Ῥοιζούμενα 241, 6. 16.
Ῥοθμικὴ ἐπιστ. 367, 4. ᾇ λόγος
426

Ῥοθμίζεσθαι 313, 5. 329, 19.

417, 11.

Ῥοθμοειὸές 414, 1. 3.

Ῥοθμοποιΐα 304, 3. 306, 9.
4m9

Ῥοθμός 87, 1. 90, 3, 3. 93, 3.
98,11. 99,1. 107, 9. 111,1.
αω3ωοηααῳ1
413,1.11. 414, 5. 416,1.
417,13. 418,1. ῥυθμοί 17,13.
26, 11. 11. 291111. 31, 1111.
Q99mmssuss19
ἤθη 28,1. 19. μεταβ. κ. ᾇ. 304.
306,1-1.

 

