488 ΙΙ, Index rerum.

Κρείττον κίνησ. 20, 51. 89, 5. 162,1. 11. 163, 1. 11.
Κρονικόν 241,18. 165,1. 166. 182 55. 188,1.
Κρόνος 242, 1. 271,11. 272,1. 11. 189101195,11.196,11.197,11.
273,11. 16. 412,1. 418,11. 198, 1. 242,1. 257, 1. 258.
Κρόταφος 273,10. 308,14. 309. 332-33. 33518.
Κρούειν 5, 11. 83,1. 247, 5. 3451.368,1ο.
254,15. 262, 9. 337, 0. 19. 341. ,401116127815 κίνησις 180, 12.
ὑπὸ τ. ᾤδ. 101,1 e. ann. φωνή 328.
Κροῦσις 24811. 2541116. 338,1. Λόγος 108, 6. 188,1. 242,11.
9511196111. 111, 5. 1111. 111. ratio 17,
Κροοστιιιοί 83, 1. 1. 51. 19, ιο. 21,11. 149111.
Κραναὸν ὄργ. 11111. 151, 5. 155, 5. 111, 5. 111, 7.
11161101 340,1-15. 313,11. 341,11. 3431. 411,1.
Κυβικὴ αὔξησις 276, 6. 279, 5. 413-415, 5. ratio symphon.
3611125519. 18. 95,11. 100. 102. 244,11.
Κωμικός 274, 8. 245,16. 247. 248,8.251.253, 14.
262,1. 267-68. 279,11. 339, 11.
Λαγόνες 273, 8. 339, 21. 340, 18. 341, 24. 342.
Λαιοιί 10,11. 420, 1. 111111, 30, 5. 83, 5.
Λ17111307,11. 89,15. 93,1. 312, 17
Λαμβάν. διὰ συμφ. 162,1.11. Λοκρικόν (119191011347,10.
Aav5dvetexiguum15,11. celer Λοκριστί 198,11. 309,1.
motus 90,1. Λυδιστί 34,16.
Λάρυγξ 14, 5. (67,11.) Λύδιον 1111111. 197,11. 308, 55.
Λέγειο 239, 1. 11. 347, 7. 11112035112051.
Λεῖμμοι 250,11.1911111611111111 303. 30411. 367,11. 368,11.
267, 9. 268,ιο 269,5. 270,14. 384. 399. 421, 6. 422.
3421. 344, 6 22. Λύκοι 274,18.
11111131 41151113911111. Λυπεῑν 26, 19. 89, 1. 101,10. 11.
φωνή 11, 29. 243, 8. 24, 91. 55.
115150705575 244, 9. Λύρα 6,1. 83,6. 104-5, 202,11.
Λειποψυχοῦντες 60, 5. 24311. 256,5. 266. 418,10.
1111111 11111.

Λέξις 302, 19. 312,11. 313, 11. Μαγαδίζειν 881 100,1ο. 1029
35911. 367,11. 417,11.11. Μάθῃσις 2311. 24,.1 291.
Λεπτη 1111111671 1111116110. Μαιρὰ ᾠδή 86, 4. syll. 313,
62,11.66,11.68,11.69,11. 11,-31532111. μακρὰν

χορδή 69, 9. ψόφος 69,1ο βαδίζειν 111, 18.

λεπτὰ μόρια 57515. πρῶτοι Malam 124 9.,11011. 111,1.

ib. 55. motus 96,11.11111111.23,1.
Λεπτότης 69, 15. aeris 11, 25. chroma 190, 19. 192, 2. 21.
Λευκόν17,.1 19. 2016 211116 1111011011 192519 μαλακῶς

11111] φωνή 12,11. 610110. 27,11. 1111611018.
Λή11110111111031.Μανθάνειν 8001110ομ11
Λιχανοειδὲς 302,8.12. 151,9. 153,19. 151,11.160,15.
Λιχοινός digit. 25811. chorda Μαραίνεσθαι 103,9.

 

